# This file may be used to create an environment using:
# $ conda create --name <env> --file <this file>
# platform: win-64
# created-by: conda 24.11.3
blas=1.0=mkl
bottleneck=1.4.2=py312h4b0e54e_0
brotli-python=1.0.9=py312h5da7b33_9
bzip2=1.0.8=h2bbff1b_6
ca-certificates=2024.12.31=haa95532_0
certifi=2024.12.14=pyhd8ed1ab_0
charset-normalizer=3.3.2=pyhd3eb1b0_0
cpuonly=2.0=0
expat=2.6.4=h8ddb27b_0
filelock=3.13.1=py312haa95532_0
freetype=2.12.1=ha860e81_0
giflib=5.2.2=h7edc060_0
icc_rt=2022.1.0=h6049295_2
idna=3.7=py312haa95532_0
intel-openmp=2023.1.0=h59b6b97_46320
jinja2=3.1.4=py312haa95532_1
joblib=1.4.2=pyhd8ed1ab_1
jpeg=9e=h827c3e9_3
lcms2=2.16=hb4a4139_0
lerc=4.0.0=h5da7b33_0
libdeflate=1.22=h5bf469e_0
libexpat=2.6.4=he0c23c2_0
libffi=3.4.4=hd77b12b_1
libjpeg-turbo=2.0.0=h196d8e1_0
libpng=1.6.39=h8cc25b3_0
libsqlite=3.47.2=h67fdade_0
libtiff=4.5.1=h44ae7cf_1
libuv=1.48.0=h827c3e9_0
libwebp=1.3.2=hbc33d0d_0
libwebp-base=1.3.2=h3d04722_1
libzlib=1.2.13=h2466b09_6
llvmlite=0.43.0=py312hf2fb9eb_1
lz4-c=1.9.4=h2bbff1b_1
markupsafe=2.1.3=py312h827c3e9_1
mkl=2023.1.0=h6b88ed4_46358
mkl-service=2.4.0=py312h827c3e9_2
mkl_fft=1.3.11=py312h827c3e9_0
mkl_random=1.2.8=py312h0158946_0
mpmath=1.3.0=py312haa95532_0
networkx=3.2.1=py312haa95532_0
numba=0.60.0=py312hcccf92d_0
numexpr=2.10.1=py312h4cd664f_0
numpy=1.26.4=py312hfd52020_0
numpy-base=1.26.4=py312h4dde369_0
openjpeg=2.5.2=hae555c5_0
openssl=3.4.0=ha4e3fda_1
packaging=24.2=py312haa95532_0
pandas=2.2.3=py312h5da7b33_0
patsy=0.5.6=py312haa95532_0
pillow=11.0.0=py312h096bfcc_1
pip=24.2=py312haa95532_0
pysocks=1.7.1=py312haa95532_0
python=3.12.3=h2628c8c_0_cpython
python-dateutil=2.9.0post0=py312haa95532_2
python-tzdata=2023.3=pyhd3eb1b0_0
python_abi=3.12=5_cp312
pytorch=2.5.1=py3.12_cpu_0
pytorch-mutex=1.0=cpu
pytz=2024.1=py312haa95532_0
pyyaml=6.0.2=py312h827c3e9_0
requests=2.32.3=py312haa95532_1
scikit-learn=1.6.1=py312h816cc57_0
scipy=1.14.1=py312h9d85e7c_0
setuptools=75.1.0=py312haa95532_0
six=1.16.0=pyhd3eb1b0_1
sqlite=3.45.3=h2bbff1b_0
statsmodels=0.14.4=py312h827c3e9_0
sympy=1.13.3=py312haa95532_0
tbb=2021.8.0=h59b6b97_0
threadpoolctl=3.5.0=pyhc1e730c_0
tk=8.6.14=h0416ee5_0
torchaudio=2.5.1=py312_cpu
torchvision=0.20.1=py312_cpu
tslearn=0.6.3=py312h1a27103_2
typing_extensions=4.12.2=py312haa95532_0
tzdata=2024b=h04d1e81_0
ucrt=10.0.22621.0=h57928b3_1
urllib3=2.2.3=py312haa95532_0
vc=14.40=haa95532_2
vc14_runtime=14.42.34433=he29a5d6_23
vs2015_runtime=14.42.34433=hdffcdeb_23
wheel=0.44.0=py312haa95532_0
win_inet_pton=1.1.0=py312haa95532_0
xz=5.4.6=h8cc25b3_1
yaml=0.2.5=he774522_0
zlib=1.2.13=h2466b09_6
zstd=1.5.6=h8880b57_0
